0 0
1 4
2 8
3 12
4 16
5 20
6 24
7 28
8 32
9 36
10 40
11 44
12 48
13 52
14 56
15 60
16 64
17 67
18 70
19 73
20 76
21 79
22 82
23 85
24 88
25 91
26 94
27 97
28 100
29 103
30 106
31 109
32 112
33 115
34 118
35 121
36 124
37 127
38 130
39 133
40 136
41 139
42 142
43 145
44 148
45 151
46 154
47 157
48 160
49 163
50 166
51 168
52 171
53 174
54 176
55 179
56 181
57 184
58 187
59 189
60 192
61 194
62 197
63 200
64 202
65 205
66 207
67 209
68 211
69 214
70 216
71 218
72 220
73 222
74 225
75 227
76 229
77 231
78 233
79 236
80 238
81 240
82 242
83 244
84 246
85 248
86 250
87 252
88 254
89 256
90 258
91 260
92 262
93 264
94 266
95 268
96 270
97 272
98 274
99 276
100 277
101 279
102 281
103 283
104 285
105 286
106 288
107 290
108 292
109 294
110 295
111 297
112 299
113 301
114 303
115 304
116 306
117 308
118 310
119 312
120 313
121 315
122 317
123 319
124 321
125 322
126 324
127 326
128 328
129 330
130 331
131 333
132 335
133 336
134 338
135 339
136 341
137 343
138 344
139 346
140 347
141 349
142 351
143 352
144 354
145 355
146 357
147 358
148 360
149 361
150 363
151 364
152 365
153 367
154 368
155 370
156 371
157 372
158 374
159 375
160 377
161 378
162 379
163 381
164 382
165 384
166 385
167 386
168 388
169 389
170 391
171 392
172 393
173 395
174 396
175 398
176 399
177 400
178 402
179 403
180 404
181 406
182 407
183 408
184 409
185 410
186 412
187 413
188 414
189 415
190 416
191 418
192 419
193 420
194 421
195 422
196 423
197 424
198 425
199 426
200 426
201 427
202 428
203 429
204 430
205 430
206 431
207 432
208 433
209 434
210 434
211 435
212 436
213 437
214 438
215 438
216 439
217 440
218 441
219 442
220 442
221 443
222 444
223 445
224 446
225 446
226 447
227 448
228 449
229 450
230 450
231 451
232 452
233 453
234 454
235 454
236 455
237 456
238 457
239 458
240 458
241 459
242 460
243 461
244 462
245 462
246 463
247 464
248 465
249 466
250 466
251 467
252 468
253 469
254 470
255 470
256 471
257 472
258 473
259 474
260 474
261 475
262 476
263 477
264 478
265 478
266 479
267 480
268 481
269 482
270 482
271 483
272 484
273 485
274 486
275 486
276 487
277 488
278 489
279 490
280 490
281 491
282 492
283 493
284 494
285 494
286 495
287 496
288 497
289 498
290 498
291 499
292 500
293 501
294 502
295 502
296 503
297 504
298 505
299 506
300 506
301 507
302 508
303 509
304 510
305 510
306 511
307 512
308 513
309 514
310 514
311 515
312 516
313 517
314 518
315 518
316 519
317 520
318 521
319 522
320 522
321 523
322 524
323 525
324 526
325 526
326 527
327 527
328 528
329 529
330 529
331 530
332 530
333 531
334 532
335 532
336 533
337 533
338 534
339 535
340 535
341 536
342 536
343 537
344 538
345 538
346 539
347 539
348 540
349 541
350 541
351 542
352 542
353 543
354 544
355 544
356 545
357 545
358 546
359 547
360 548
361 549
362 549
363 550
364 551
365 552
366 553
367 553
368 554
369 555
370 556
371 557
372 557
373 558
374 559
375 560
376 560
377 561
378 561
379 562
380 563
381 563
382 564
383 564
384 565
385 566
386 566
387 567
388 567
389 568
390 569
391 569
392 570
393 571
394 572
395 573
396 573
397 574
398 575
399 576
400 577
401 577
402 578
403 579
404 580
405 581
406 581
407 582
408 583
409 584
410 585
411 586
412 587
413 588
414 589
415 590
416 591
417 592
418 593
419 594
420 595
421 596
422 597
423 598
424 599
425 600
426 601
427 601
428 602
429 603
430 604
431 605
432 605
433 606
434 607
435 608
436 609
437 609
438 610
439 611
440 611
441 612
442 612
443 612
444 613
445 613
446 614
447 614
448 614
449 615
450 615
451 616
452 616
453 616
454 617
455 617
456 618
457 619
458 620
459 621
460 622
461 623
462 624
463 625
464 626
465 627
466 628
467 629
468 630
469 631
470 632
471 633
472 634
473 635
474 636
475 637
476 637
477 638
478 639
479 640
480 641
481 641
482 642
483 643
484 644
485 645
486 645
487 646
488 647
489 647
490 647
491 648
492 648
493 649
494 649
495 649
496 650
497 650
498 651
499 651
500 651
501 652
502 652
503 653
504 653
505 653
506 653
507 653
508 654
509 654
510 654
511 654
512 654
513 655
514 655
515 655
516 655
517 655
518 656
519 656
520 656
521 657
522 658
523 659
524 660
525 661
526 662
527 663
528 664
529 665
530 666
531 667
532 668
533 669
534 670
535 671
536 672
537 673
538 673
539 674
540 674
541 674
542 675
543 675
544 676
545 676
546 676
547 677
548 677
549 678
550 678
551 678
552 679
553 679
554 679
555 679
556 680
557 680
558 680
559 680
560 680
561 681
562 681
563 681
564 681
565 681
566 682
567 682
568 682
569 683
570 683
571 684
572 685
573 686
574 687
575 687
576 688
577 689
578 690
579 691
580 691
581 692
582 693
583 694
584 695
585 696
586 697
587 698
588 700
589 701
590 703
591 704
592 705
593 707
594 708
595 710
596 711
597 712
598 714
599 715
600 717
601 718
602 719
603 720
604 721
605 722
606 723
607 724
608 725
609 726
610 727
611 728
612 729
613 730
614 731
615 732
616 733
617 734
618 735
619 736
620 737
621 738
622 739
623 740
624 741
625 742
626 743
627 744
628 745
629 746
630 747
631 748
632 749
633 750
634 751
635 752
636 753
637 754
638 755
639 756
640 757
641 758
642 759
643 760
644 761
645 762
646 763
647 764
648 765
649 766
650 767
651 768
652 769
653 770
654 771
655 772
656 773
657 774
658 775
659 776
660 777
661 778
662 779
663 780
664 781
665 782
666 783
667 783
668 784
669 785
670 785
671 786
672 786
673 787
674 788
675 788
676 789
677 789
678 790
679 791
680 791
681 792
682 792
683 793
684 794
685 794
686 795
687 795
688 796
689 797
690 797
691 798
692 798
693 799
694 800
695 800
696 801
697 801
698 802
699 803
700 804
701 804
702 805
703 806
704 807
705 808
706 808
707 809
708 810
709 811
710 812
711 812
712 813
713 814
714 815
715 816
716 817
717 818
718 819
719 820
720 821
721 822
722 823
723 824
724 825
725 826
726 827
727 828
728 829
729 830
730 831
731 832
732 832
733 832
734 833
735 833
736 834
737 834
738 834
739 835
740 835
741 836
742 836
743 836
744 837
745 837
746 838
747 838
748 839
749 840
750 840
751 841
752 842
753 843
754 844
755 844
756 845
757 846
758 847
759 848
760 848
761 849
762 850
763 851
764 851
765 851
766 851
767 852
768 852
769 852
770 852
771 852
772 853
773 853
774 853
775 853
776 853
777 854
778 854
779 854
780 854
781 855
782 856
783 856
784 857
785 857
786 858
787 859
788 859
789 860
790 860
791 861
792 862
793 862
794 863
795 863
796 864
797 864
798 865
799 865
800 866
801 866
802 866
803 867
804 867
805 868
806 868
807 868
808 869
809 869
810 870
811 870
812 870
813 871
814 872
815 872
816 873
817 873
818 874
819 875
820 875
821 876
822 876
823 877
824 878
825 878
826 879
827 879
828 880
829 881
830 881
831 882
832 882
833 883
834 884
835 884
836 885
837 885
838 886
839 887
840 887
841 888
842 888
843 889
844 890
845 890
846 891
847 892
848 893
849 894
850 895
851 896
852 897
853 898
854 899
855 900
856 901
857 902
858 903
859 904
860 905
861 906
862 907
863 908
864 908
865 909
866 909
867 910
868 911
869 911
870 912
871 912
872 913
873 914
874 914
875 915
876 915
877 916
878 917
879 917
880 918
881 918
882 919
883 920
884 920
885 921
886 921
887 922
888 923
889 923
890 924
891 924
892 925
893 926
894 926
895 926
896 927
897 927
898 928
899 928
900 928
901 929
902 929
903 930
904 930
905 930
906 931
907 931
908 932
909 932
910 932
911 933
912 934
913 934
914 935
915 935
916 936
917 937
918 937
919 938
920 938
921 939
922 940
923 940
924 941
925 941
926 942
927 943
928 943
929 944
930 944
931 945
932 946
933 946
934 947
935 947
936 948
937 949
938 949
939 950
940 950
941 951
942 952
943 952
944 952
945 953
946 953
947 954
948 954
949 954
950 955
951 955
952 956
953 956
954 956
955 957
956 957
957 958
958 958
959 959
960 959
961 960
962 960
963 961
964 962
965 962
966 963
967 963
968 964
969 965
970 965
971 966
972 966
973 967
974 968
975 969
976 970
977 971
978 972
979 973
980 974
981 975
982 976
983 977
984 978
985 979
986 980
987 981
988 982
989 983
990 984
991 984
992 985
993 985
994 985
995 986
996 986
997 987
998 987
999 987
1000 988
1001 988
1002 989
1003 989
1004 989
1005 990
1006 990
1007 991
1008 992
1009 993
1010 994
1011 995
1012 996
1013 997
1014 998
1015 999
1016 1000
1017 1001
1018 1002
1019 1003
1020 1004
1021 1005
1022 1006
1023 1007
